Metasequoia Document
Format Text Ver 1.1

Scene {
	pos 0.0001 0.0000 1493.0383
	lookat 65.5959 131.3212 3.0238
	head -0.3300
	pich 0.3300
	bank 0.0000
	ortho 0
	zoom2 1.9643
	amb 0.250 0.250 0.250
	dirlights 2 {
		light {
			dir 0.051 0.152 0.987
			color 0.500 0.500 0.500
		}
		light {
			dir 0.010 0.455 0.891
			color 1.000 1.000 1.000
		}
	}
}
Material 1 {
	"mat1" shader(3) col(1.000 1.000 1.000 1.000) dif(0.637) amb(0.600) emi(0.000) spc(0.000) power(5.00) tex("..\..\textures\vehicles\sea_sparrow.png")
}
Object "$dummy" {
	depth 0
	folding 0
	scale 1.000000 1.000000 1.000000
	rotation 0.000000 0.000000 0.000000
	translation 0.000000 0.000000 0.000000
	visible 15
	locking 0
	shading 0
	facet 59.5
	color 0.898 0.498 0.698
	color_type 0
	vertex 26 {
		-357.6243 -11.8552 357.4579
		-357.6243 -30.0011 357.4579
		373.3424 -11.8552 357.4579
		373.3424 -30.0011 357.4579
		373.3424 -11.8552 -373.5087
		373.3424 -30.0011 -373.5087
		-357.6243 -11.8552 -373.5087
		-357.6243 -30.0011 -373.5087
		0.0000 157.3412 0.0000
		0.0000 157.3412 119.6681
		84.6181 157.3412 84.6181
		119.6681 157.3412 0.0000
		84.6181 157.3412 -84.6181
		0.0000 157.3412 -119.6681
		-84.6181 157.3412 -84.6181
		-119.6681 157.3412 0.0000
		-84.6181 157.3412 84.6181
		0.0000 119.9101 119.6681
		84.6181 119.9101 84.6181
		119.6681 119.9101 0.0000
		84.6181 119.9101 -84.6181
		0.0000 119.9101 -119.6681
		-84.6181 119.9101 -84.6181
		-119.6681 119.9101 0.0000
		-84.6181 119.9101 84.6181
		0.0000 119.9101 0.0000
	}
	face 44 {
		3 V(2 3 1) M(0) UV(0.26605 0.66154 0.26605 0.66786 0.02089 0.66786)
		3 V(2 1 0) M(0) UV(0.26605 0.66154 0.02089 0.66786 0.02089 0.66154)
		3 V(4 5 3) M(0) UV(0.52101 0.92639 0.52101 0.93271 0.27586 0.93271)
		3 V(4 3 2) M(0) UV(0.52101 0.92639 0.27586 0.93271 0.27586 0.92639)
		3 V(6 7 5) M(0) UV(0.26605 0.67805 0.26605 0.68437 0.02089 0.68437)
		3 V(6 5 4) M(0) UV(0.26605 0.67805 0.02089 0.68437 0.02089 0.67805)
		3 V(0 1 7) M(0) UV(0.52101 0.94290 0.52101 0.94922 0.27586 0.94922)
		3 V(0 7 6) M(0) UV(0.52101 0.94290 0.27586 0.94922 0.27586 0.94290)
		3 V(4 2 0) M(0) UV(0.26605 0.69456 0.26605 0.94922 0.02089 0.94922)
		3 V(4 0 6) M(0) UV(0.26605 0.69456 0.02089 0.94922 0.02089 0.69456)
		3 V(3 5 7) M(0) UV(0.52101 0.66154 0.52101 0.91620 0.27586 0.91620)
		3 V(3 7 1) M(0) UV(0.52101 0.66154 0.27586 0.91620 0.27586 0.66154)
		3 V(8 10 9) M(0) UV(0.62867 0.89143 0.69316 0.82747 0.62867 0.80098)
		3 V(8 11 10) M(0) UV(0.62867 0.89143 0.71987 0.89143 0.69316 0.82747)
		3 V(8 12 11) M(0) UV(0.62867 0.89143 0.69316 0.95538 0.71987 0.89143)
		3 V(8 13 12) M(0) UV(0.62867 0.89143 0.62867 0.98187 0.69316 0.95538)
		3 V(8 14 13) M(0) UV(0.62867 0.89143 0.56419 0.95538 0.62867 0.98187)
		3 V(8 15 14) M(0) UV(0.62867 0.89143 0.53748 0.89143 0.56419 0.95538)
		3 V(8 16 15) M(0) UV(0.62867 0.89143 0.56419 0.82747 0.53748 0.89143)
		3 V(8 9 16) M(0) UV(0.62867 0.89143 0.62867 0.80098 0.56419 0.82747)
		3 V(25 17 18) M(0) UV(0.62867 0.89143 0.62867 0.80098 0.69316 0.82747)
		3 V(25 18 19) M(0) UV(0.62867 0.89143 0.69316 0.82747 0.71987 0.89143)
		3 V(25 19 20) M(0) UV(0.62867 0.89143 0.71987 0.89143 0.69316 0.95538)
		3 V(25 20 21) M(0) UV(0.62867 0.89143 0.69316 0.95538 0.62867 0.98187)
		3 V(25 21 22) M(0) UV(0.62867 0.89143 0.62867 0.98187 0.56419 0.95538)
		3 V(25 22 23) M(0) UV(0.62867 0.89143 0.56419 0.95538 0.53748 0.89143)
		3 V(25 23 24) M(0) UV(0.62867 0.89143 0.53748 0.89143 0.56419 0.82747)
		3 V(25 24 17) M(0) UV(0.62867 0.89143 0.56419 0.82747 0.62867 0.80098)
		3 V(10 18 17) M(0) UV(0.69316 0.82747 0.69316 0.82747 0.62867 0.80098)
		3 V(10 17 9) M(0) UV(0.69316 0.82747 0.62867 0.80098 0.62867 0.80098)
		3 V(11 19 18) M(0) UV(0.71987 0.89143 0.71987 0.89143 0.69316 0.82747)
		3 V(11 18 10) M(0) UV(0.71987 0.89143 0.69316 0.82747 0.69316 0.82747)
		3 V(12 20 19) M(0) UV(0.69316 0.95538 0.69316 0.95538 0.71987 0.89143)
		3 V(12 19 11) M(0) UV(0.69316 0.95538 0.71987 0.89143 0.71987 0.89143)
		3 V(13 21 20) M(0) UV(0.62867 0.98187 0.62867 0.98187 0.69316 0.95538)
		3 V(13 20 12) M(0) UV(0.62867 0.98187 0.69316 0.95538 0.69316 0.95538)
		3 V(14 22 21) M(0) UV(0.56419 0.95538 0.56419 0.95538 0.62867 0.98187)
		3 V(14 21 13) M(0) UV(0.56419 0.95538 0.62867 0.98187 0.62867 0.98187)
		3 V(15 23 22) M(0) UV(0.53748 0.89143 0.53748 0.89143 0.56419 0.95538)
		3 V(15 22 14) M(0) UV(0.53748 0.89143 0.56419 0.95538 0.56419 0.95538)
		3 V(16 24 23) M(0) UV(0.56419 0.82747 0.56419 0.82747 0.53748 0.89143)
		3 V(16 23 15) M(0) UV(0.56419 0.82747 0.53748 0.89143 0.53748 0.89143)
		3 V(9 17 24) M(0) UV(0.62867 0.80098 0.62867 0.80098 0.56419 0.82747)
		3 V(9 24 16) M(0) UV(0.62867 0.80098 0.56419 0.82747 0.56419 0.82747)
	}
}
Object "$part0" {
	depth 0
	folding 0
	scale 1.000000 1.000000 1.000000
	rotation 0.000000 0.000000 0.000000
	translation 0.000000 0.000000 0.000000
	visible 15
	locking 0
	shading 1
	facet 59.5
	color 0.898 0.498 0.698
	color_type 0
	vertex 40 {
		-124.1100 367.2528 1.9581
		-124.1100 348.9214 58.3741
		-124.1100 300.9313 93.2413
		-125.0188 241.1587 92.8193
		-124.1100 193.6216 58.3741
		-124.1100 175.2908 1.9581
		-124.1100 193.6216 -54.4579
		-124.1100 241.6118 -89.3251
		-124.1100 300.9313 -89.3251
		-124.1100 348.9214 -54.4579
		130.8458 367.2528 1.9581
		130.8458 348.9214 58.3741
		130.8458 300.9313 93.2413
		130.8458 241.6118 93.2413
		130.8458 193.6216 58.3741
		130.8458 175.2908 1.9581
		130.8458 193.6216 -54.4579
		130.8458 241.6118 -89.3251
		130.8458 300.9313 -89.3251
		130.8458 348.9214 -54.4579
		-32.4904 240.6685 -88.6396
		-98.0440 -26.1875 0.0000
		-79.5377 -24.5997 58.3741
		-31.5472 -24.5997 93.2413
		27.7720 -24.5997 93.2413
		75.7625 -24.5997 58.3741
		94.0933 -24.5997 1.9581
		75.7625 -24.5997 -54.4579
		27.7722 -24.5997 -89.3251
		-31.5472 -24.5997 -89.3251
		-79.5377 -24.5997 -54.4579
		-97.8684 175.2908 1.9581
		27.2774 240.2154 92.1340
		75.7625 193.6216 58.3741
		94.0933 175.2908 1.9581
		75.7625 193.6216 -54.4579
		-79.5377 193.6216 -54.4579
		27.7722 240.6685 -89.3251
		-32.4904 240.6685 92.5559
		-79.5377 193.6216 58.3741
	}
	face 55 {
		3 V(38 3 2) M(0) UV(0.82715 0.74726 0.74713 0.74690 0.74792 0.70217)
		3 V(32 12 13) M(0) UV(0.87884 0.74760 0.96840 0.70217 0.96840 0.74656)
		3 V(39 14 4) M(0) UV(0.78646 0.78247 0.96840 0.78247 0.74792 0.78247)
		3 V(37 17 18) M(0) UV(0.87927 0.74726 0.96840 0.74656 0.96840 0.70217)
		3 V(20 8 7) M(0) UV(0.82715 0.74726 0.74792 0.70217 0.74792 0.74656)
		3 V(1 0 10) M(0) UV(0.74792 0.66626 0.74792 0.65254 0.96840 0.65254)
		3 V(1 10 11) M(0) UV(0.74792 0.66626 0.96840 0.65254 0.96840 0.66626)
		3 V(2 1 11) M(0) UV(0.74792 0.70217 0.74792 0.66626 0.96840 0.66626)
		3 V(2 11 12) M(0) UV(0.74792 0.70217 0.96840 0.66626 0.96840 0.70217)
		3 V(9 8 18) M(0) UV(0.74792 0.66626 0.74792 0.70217 0.96840 0.70217)
		3 V(9 18 19) M(0) UV(0.74792 0.66626 0.96840 0.70217 0.96840 0.66626)
		3 V(0 9 19) M(0) UV(0.74792 0.65254 0.74792 0.66626 0.96840 0.66626)
		3 V(0 19 10) M(0) UV(0.74792 0.65254 0.96840 0.66626 0.96840 0.65254)
		3 V(22 21 31) M(0) UV(0.78646 0.94577 0.78767 0.94695 0.77061 0.79619)
		3 V(22 31 39) M(0) UV(0.78646 0.94577 0.77061 0.79619 0.78646 0.78247)
		3 V(23 22 39) M(0) UV(0.82797 0.94577 0.78646 0.94577 0.78646 0.78247)
		3 V(23 39 38) M(0) UV(0.82797 0.94577 0.78646 0.78247 0.82715 0.74726)
		3 V(32 24 23) M(0) UV(0.87884 0.74760 0.87927 0.94577 0.82797 0.94577)
		3 V(32 23 38) M(0) UV(0.87884 0.74760 0.82797 0.94577 0.82715 0.74726)
		3 V(33 25 24) M(0) UV(0.92077 0.78247 0.92077 0.94577 0.87927 0.94577)
		3 V(33 24 32) M(0) UV(0.92077 0.78247 0.87927 0.94577 0.87884 0.74760)
		3 V(26 25 33) M(0) UV(0.93662 0.94577 0.92077 0.94577 0.92077 0.78247)
		3 V(26 33 34) M(0) UV(0.93662 0.94577 0.92077 0.78247 0.93662 0.79619)
		3 V(27 26 34) M(0) UV(0.92077 0.94577 0.93662 0.94577 0.93662 0.79619)
		3 V(27 34 35) M(0) UV(0.92077 0.94577 0.93662 0.79619 0.92077 0.78247)
		3 V(28 27 35) M(0) UV(0.87927 0.94577 0.92077 0.94577 0.92077 0.78247)
		3 V(28 35 37) M(0) UV(0.87927 0.94577 0.92077 0.78247 0.87927 0.74726)
		3 V(29 28 37) M(0) UV(0.82797 0.94577 0.87927 0.94577 0.87927 0.74726)
		3 V(29 37 20) M(0) UV(0.82797 0.94577 0.87927 0.74726 0.82715 0.74726)
		3 V(30 29 20) M(0) UV(0.78646 0.94577 0.82797 0.94577 0.82715 0.74726)
		3 V(30 20 36) M(0) UV(0.78646 0.94577 0.82715 0.74726 0.78646 0.78247)
		3 V(31 21 30) M(0) UV(0.77061 0.79619 0.78767 0.94695 0.78646 0.94577)
		3 V(31 30 36) M(0) UV(0.77061 0.79619 0.78646 0.94577 0.78646 0.78247)
		3 V(39 4 3) M(0) UV(0.78646 0.78247 0.74792 0.78247 0.74713 0.74690)
		3 V(39 3 38) M(0) UV(0.78646 0.78247 0.74713 0.74690 0.82715 0.74726)
		3 V(15 34 33) M(0) UV(0.96840 0.79619 0.93662 0.79619 0.92077 0.78247)
		3 V(15 33 14) M(0) UV(0.96840 0.79619 0.92077 0.78247 0.96840 0.78247)
		3 V(39 31 5) M(0) UV(0.78646 0.78247 0.77061 0.79619 0.74792 0.79619)
		3 V(39 5 4) M(0) UV(0.78646 0.78247 0.74792 0.79619 0.74792 0.78247)
		3 V(5 31 36) M(0) UV(0.74792 0.79619 0.77061 0.79619 0.78646 0.78247)
		3 V(5 36 6) M(0) UV(0.74792 0.79619 0.78646 0.78247 0.74792 0.78247)
		3 V(34 15 16) M(0) UV(0.93662 0.79619 0.96840 0.79619 0.96840 0.78247)
		3 V(34 16 35) M(0) UV(0.93662 0.79619 0.96840 0.78247 0.92077 0.78247)
		3 V(8 20 37) M(0) UV(0.74792 0.70217 0.82715 0.74726 0.87927 0.74726)
		3 V(8 37 18) M(0) UV(0.74792 0.70217 0.87927 0.74726 0.96840 0.70217)
		3 V(2 12 32) M(0) UV(0.74792 0.70217 0.96840 0.70217 0.87884 0.74760)
		3 V(2 32 38) M(0) UV(0.74792 0.70217 0.87884 0.74760 0.82715 0.74726)
		3 V(35 16 17) M(0) UV(0.92077 0.78247 0.96840 0.78247 0.96840 0.74656)
		3 V(35 17 37) M(0) UV(0.92077 0.78247 0.96840 0.74656 0.87927 0.74726)
		3 V(20 7 6) M(0) UV(0.82715 0.74726 0.74792 0.74656 0.74792 0.78247)
		3 V(20 6 36) M(0) UV(0.82715 0.74726 0.74792 0.78247 0.78646 0.78247)
		3 V(3 38 39) M(0) UV(0.74713 0.74690 0.82715 0.74726 0.78646 0.78247)
		3 V(3 39 4) M(0) UV(0.74713 0.74690 0.78646 0.78247 0.74792 0.78247)
		3 V(33 32 13) M(0) UV(0.92077 0.78247 0.87884 0.74760 0.96840 0.74656)
		3 V(33 13 14) M(0) UV(0.92077 0.78247 0.96840 0.74656 0.96840 0.78247)
	}
}
Object "$part0_0" {
	depth 0
	folding 0
	scale 1.000000 1.000000 1.000000
	rotation 0.000000 0.000000 0.000000
	translation 0.000000 0.000000 0.000000
	visible 15
	locking 0
	shading 1
	facet 59.5
	color 0.898 0.498 0.698
	color_type 0
	vertex 114 {
		-312.1062 372.3850 -330.7696
		-312.1062 268.7638 -330.2075
		-312.1062 165.1430 -329.6458
		-309.3638 372.8641 323.8762
		-309.3638 171.7654 324.9664
		-129.8020 372.8641 323.8762
		-131.1734 273.8498 324.3762
		-129.8020 171.7654 324.9664
		-127.0594 372.3848 -330.7696
		-219.5828 372.3848 -330.7696
		-127.0594 268.7638 -330.2075
		-219.5828 268.7638 -330.2075
		-127.0594 165.1432 -329.6458
		-219.5828 165.1432 -329.6458
		-218.2115 371.3282 323.8475
		-307.9923 273.8498 324.3762
		-218.2115 173.3009 324.9213
		312.1062 372.3850 -330.7696
		312.1062 268.7638 -330.2075
		312.1062 165.1430 -329.6458
		309.3638 372.8641 323.8762
		309.3638 171.7654 324.9664
		129.8020 372.8641 323.8762
		131.1734 273.8498 324.3762
		129.8020 171.7654 324.9664
		127.0594 372.3848 -330.7696
		219.5828 372.3848 -330.7696
		127.0594 268.7638 -330.2075
		219.5828 268.7638 -330.2075
		127.0594 165.1432 -329.6458
		219.5828 165.1432 -329.6458
		218.2115 371.3282 323.8475
		307.9923 273.8498 324.3762
		218.2115 173.3009 324.9213
		-218.2115 371.3282 323.8475
		-309.3638 372.8641 323.8762
		-307.9923 273.8498 324.3762
		-220.6115 275.7698 324.3382
		-296.7478 358.7912 334.3611
		-234.9417 358.7910 334.3609
		-234.9417 289.5723 334.7365
		-296.7478 289.5723 334.7365
		-218.2115 371.3282 323.8475
		-204.2243 358.7910 334.3609
		-204.2243 289.5723 334.7365
		-129.8020 372.8641 323.8762
		-131.1734 273.8498 324.3762
		-220.6115 275.7698 324.3382
		-142.4182 358.7910 334.3609
		-142.4182 289.5723 334.7365
		-131.1734 273.8498 324.3762
		-129.8020 171.7654 324.9664
		-218.2115 173.3009 324.9213
		-220.6115 275.7698 324.3382
		-204.2243 255.1705 334.9231
		-142.4182 255.1705 334.9231
		-142.4182 185.9510 335.2983
		-204.2243 185.9510 335.2983
		-309.3638 171.7654 324.9664
		-307.9923 273.8498 324.3762
		-218.2115 173.3009 324.9213
		-220.6115 275.7698 324.3382
		-296.7478 255.1705 334.9231
		-234.9417 255.1705 334.9231
		-234.9417 185.9510 335.2983
		-296.7478 185.9510 335.2983
		218.2115 371.3282 323.8475
		309.3638 372.8641 323.8762
		307.9923 273.8498 324.3762
		220.6115 275.7698 324.3382
		296.7478 358.7912 334.3611
		234.9417 358.7910 334.3609
		234.9417 289.5723 334.7365
		296.7478 289.5723 334.7365
		218.2115 371.3282 323.8475
		204.2243 358.7910 334.3609
		204.2243 289.5723 334.7365
		129.8020 372.8641 323.8762
		131.1734 273.8498 324.3762
		220.6115 275.7698 324.3382
		142.4182 358.7910 334.3609
		142.4182 289.5723 334.7365
		131.1734 273.8498 324.3762
		129.8020 171.7654 324.9664
		218.2115 173.3009 324.9213
		220.6115 275.7698 324.3382
		204.2243 255.1705 334.9231
		142.4182 255.1705 334.9231
		142.4182 185.9510 335.2983
		204.2243 185.9510 335.2983
		309.3638 171.7654 324.9664
		307.9923 273.8498 324.3762
		218.2115 173.3009 324.9213
		220.6115 275.7698 324.3382
		296.7478 255.1705 334.9231
		234.9417 255.1705 334.9231
		234.9417 185.9510 335.2983
		296.7478 185.9510 335.2983
		-318.3985 389.3696 184.1787
		-318.3985 281.6143 184.1787
		-118.3985 389.3696 184.1787
		-118.3985 281.6143 184.1787
		-118.3985 389.3696 128.3936
		-118.3985 281.6143 128.3936
		-318.3985 389.3696 128.3936
		-318.3985 281.6143 128.3936
		318.3985 389.3696 184.1787
		318.3985 281.6143 184.1787
		118.3985 389.3696 184.1787
		118.3985 281.6143 184.1787
		118.3985 389.3696 128.3936
		118.3985 281.6143 128.3936
		318.3985 389.3696 128.3936
		318.3985 281.6143 128.3936
	}
	face 152 {
		3 V(7 6 10) M(0) UV(0.01205 0.19391 0.01258 0.10159 0.60456 0.10619)
		3 V(10 9 11) M(0) UV(0.01205 0.52965 0.09572 0.43594 0.09572 0.52965)
		3 V(12 11 13) M(0) UV(0.01205 0.62336 0.09572 0.52965 0.09572 0.62336)
		3 V(12 10 11) M(0) UV(0.01205 0.62336 0.01205 0.52965 0.09572 0.52965)
		3 V(0 14 3) M(0) UV(0.62916 0.01205 0.71408 0.60405 0.63164 0.60408)
		3 V(13 4 16) M(0) UV(0.90428 0.60405 0.82308 0.01205 0.90552 0.01209)
		3 V(1 3 15) M(0) UV(0.01256 0.31814 0.60408 0.22400 0.60453 0.31354)
		3 V(1 0 3) M(0) UV(0.01256 0.31814 0.01205 0.22443 0.60408 0.22400)
		3 V(2 15 4) M(0) UV(0.01306 0.41185 0.60453 0.31354 0.60507 0.40586)
		3 V(2 1 15) M(0) UV(0.01306 0.41185 0.01256 0.31814 0.60453 0.31354)
		3 V(6 8 10) M(0) UV(0.01258 0.10159 0.60507 0.01248 0.60456 0.10619)
		3 V(6 5 8) M(0) UV(0.01258 0.10159 0.01303 0.01205 0.60507 0.01248)
		3 V(7 10 12) M(0) UV(0.01205 0.19391 0.60456 0.10619 0.60405 0.19990)
		3 V(10 8 9) M(0) UV(0.01205 0.52965 0.01205 0.43594 0.09572 0.43594)
		3 V(11 0 1) M(0) UV(0.09572 0.52965 0.17940 0.43594 0.17940 0.52965)
		3 V(11 9 0) M(0) UV(0.09572 0.52965 0.09572 0.43594 0.17940 0.43594)
		3 V(13 1 2) M(0) UV(0.09572 0.62336 0.17940 0.52965 0.17940 0.62337)
		3 V(13 11 1) M(0) UV(0.09572 0.62336 0.09572 0.52965 0.17940 0.52965)
		3 V(9 5 14) M(0) UV(0.71284 0.01205 0.79403 0.60408 0.71408 0.60405)
		3 V(9 8 5) M(0) UV(0.71284 0.01205 0.79651 0.01205 0.79403 0.60408)
		3 V(0 9 14) M(0) UV(0.62916 0.01205 0.71284 0.01205 0.71408 0.60405)
		3 V(12 16 7) M(0) UV(0.98795 0.60405 0.90552 0.01209 0.98547 0.01205)
		3 V(12 13 16) M(0) UV(0.98795 0.60405 0.90428 0.60405 0.90552 0.01209)
		3 V(13 2 4) M(0) UV(0.90428 0.60405 0.82060 0.60405 0.82308 0.01205)
		3 V(24 27 23) M(0) UV(0.01205 0.19391 0.60456 0.10619 0.01258 0.10159)
		3 V(27 28 26) M(0) UV(0.01205 0.52965 0.09572 0.52965 0.09572 0.43594)
		3 V(29 30 28) M(0) UV(0.01205 0.62336 0.09572 0.62336 0.09572 0.52965)
		3 V(29 28 27) M(0) UV(0.01205 0.62336 0.09572 0.52965 0.01205 0.52965)
		3 V(17 20 31) M(0) UV(0.62916 0.01205 0.63164 0.60408 0.71408 0.60405)
		3 V(30 33 21) M(0) UV(0.90428 0.60405 0.90552 0.01209 0.82308 0.01205)
		3 V(18 32 20) M(0) UV(0.01256 0.31814 0.60453 0.31354 0.60408 0.22400)
		3 V(18 20 17) M(0) UV(0.01256 0.31814 0.60408 0.22400 0.01205 0.22443)
		3 V(19 21 32) M(0) UV(0.01306 0.41185 0.60507 0.40586 0.60453 0.31354)
		3 V(19 32 18) M(0) UV(0.01306 0.41185 0.60453 0.31354 0.01256 0.31814)
		3 V(23 27 25) M(0) UV(0.01258 0.10159 0.60456 0.10619 0.60507 0.01248)
		3 V(23 25 22) M(0) UV(0.01258 0.10159 0.60507 0.01248 0.01303 0.01205)
		3 V(24 29 27) M(0) UV(0.01205 0.19391 0.60405 0.19990 0.60456 0.10619)
		3 V(27 26 25) M(0) UV(0.01205 0.52965 0.09572 0.43594 0.01205 0.43594)
		3 V(28 18 17) M(0) UV(0.09572 0.52965 0.17940 0.52965 0.17940 0.43594)
		3 V(28 17 26) M(0) UV(0.09572 0.52965 0.17940 0.43594 0.09572 0.43594)
		3 V(30 19 18) M(0) UV(0.09572 0.62336 0.17940 0.62337 0.17940 0.52965)
		3 V(30 18 28) M(0) UV(0.09572 0.62336 0.17940 0.52965 0.09572 0.52965)
		3 V(26 31 22) M(0) UV(0.71284 0.01205 0.71408 0.60405 0.79403 0.60408)
		3 V(26 22 25) M(0) UV(0.71284 0.01205 0.79403 0.60408 0.79651 0.01205)
		3 V(17 31 26) M(0) UV(0.62916 0.01205 0.71408 0.60405 0.71284 0.01205)
		3 V(29 24 33) M(0) UV(0.98795 0.60405 0.98547 0.01205 0.90552 0.01209)
		3 V(29 33 30) M(0) UV(0.98795 0.60405 0.90552 0.01209 0.90428 0.60405)
		3 V(30 21 19) M(0) UV(0.90428 0.60405 0.82308 0.01205 0.82060 0.60405)
		3 V(41 39 40) M(0) UV(0.21490 0.51127 0.27079 0.44867 0.27079 0.51127)
		3 V(41 38 39) M(0) UV(0.21490 0.51127 0.21490 0.44867 0.27079 0.44867)
		3 V(38 34 39) M(0) UV(0.21490 0.44867 0.28592 0.43733 0.27079 0.44867)
		3 V(38 35 34) M(0) UV(0.21490 0.44867 0.20349 0.43594 0.28592 0.43733)
		3 V(39 37 40) M(0) UV(0.27079 0.44867 0.28375 0.52375 0.27079 0.51127)
		3 V(39 34 37) M(0) UV(0.27079 0.44867 0.28592 0.43733 0.28375 0.52375)
		3 V(40 36 41) M(0) UV(0.27079 0.51127 0.20473 0.52549 0.21490 0.51127)
		3 V(40 37 36) M(0) UV(0.27079 0.51127 0.28375 0.52375 0.20473 0.52549)
		3 V(41 35 38) M(0) UV(0.21490 0.51127 0.20349 0.43594 0.21490 0.44867)
		3 V(41 36 35) M(0) UV(0.21490 0.51127 0.20473 0.52549 0.20349 0.43594)
		3 V(44 42 43) M(0) UV(0.29857 0.51127 0.28592 0.43733 0.29857 0.44867)
		3 V(44 48 49) M(0) UV(0.29857 0.51127 0.35447 0.44867 0.35447 0.51127)
		3 V(44 43 48) M(0) UV(0.29857 0.51127 0.29857 0.44867 0.35447 0.44867)
		3 V(43 45 48) M(0) UV(0.29857 0.44867 0.36588 0.43594 0.35447 0.44867)
		3 V(43 42 45) M(0) UV(0.29857 0.44867 0.28592 0.43733 0.36588 0.43594)
		3 V(48 46 49) M(0) UV(0.35447 0.44867 0.36464 0.52549 0.35447 0.51127)
		3 V(48 45 46) M(0) UV(0.35447 0.44867 0.36588 0.43594 0.36464 0.52549)
		3 V(49 47 44) M(0) UV(0.35447 0.51127 0.28375 0.52375 0.29857 0.51127)
		3 V(49 46 47) M(0) UV(0.35447 0.51127 0.36464 0.52549 0.28375 0.52375)
		3 V(44 47 42) M(0) UV(0.29857 0.51127 0.28375 0.52375 0.28592 0.43733)
		3 V(57 55 56) M(0) UV(0.29857 0.60498 0.35447 0.54238 0.35447 0.60498)
		3 V(57 54 55) M(0) UV(0.29857 0.60498 0.29857 0.54238 0.35447 0.54238)
		3 V(54 50 55) M(0) UV(0.29857 0.54238 0.36464 0.52549 0.35447 0.54238)
		3 V(54 53 50) M(0) UV(0.29857 0.54238 0.28375 0.52375 0.36464 0.52549)
		3 V(55 51 56) M(0) UV(0.35447 0.54238 0.36588 0.61781 0.35447 0.60498)
		3 V(55 50 51) M(0) UV(0.35447 0.54238 0.36464 0.52549 0.36588 0.61781)
		3 V(56 52 57) M(0) UV(0.35447 0.60498 0.28592 0.61642 0.29857 0.60498)
		3 V(56 51 52) M(0) UV(0.35447 0.60498 0.36588 0.61781 0.28592 0.61642)
		3 V(57 53 54) M(0) UV(0.29857 0.60498 0.28375 0.52375 0.29857 0.54238)
		3 V(57 52 53) M(0) UV(0.29857 0.60498 0.28592 0.61642 0.28375 0.52375)
		3 V(65 63 64) M(0) UV(0.21490 0.60498 0.27079 0.54238 0.27079 0.60498)
		3 V(65 62 63) M(0) UV(0.21490 0.60498 0.21490 0.54238 0.27079 0.54238)
		3 V(62 61 63) M(0) UV(0.21490 0.54238 0.28375 0.52375 0.27079 0.54238)
		3 V(62 59 61) M(0) UV(0.21490 0.54238 0.20473 0.52549 0.28375 0.52375)
		3 V(63 60 64) M(0) UV(0.27079 0.54238 0.28592 0.61642 0.27079 0.60498)
		3 V(63 61 60) M(0) UV(0.27079 0.54238 0.28375 0.52375 0.28592 0.61642)
		3 V(64 58 65) M(0) UV(0.27079 0.60498 0.20349 0.61781 0.21490 0.60498)
		3 V(64 60 58) M(0) UV(0.27079 0.60498 0.28592 0.61642 0.20349 0.61781)
		3 V(65 59 62) M(0) UV(0.21490 0.60498 0.20473 0.52549 0.21490 0.54238)
		3 V(65 58 59) M(0) UV(0.21490 0.60498 0.20349 0.61781 0.20473 0.52549)
		3 V(73 72 71) M(0) UV(0.21490 0.51127 0.27079 0.51127 0.27079 0.44867)
		3 V(73 71 70) M(0) UV(0.21490 0.51127 0.27079 0.44867 0.21490 0.44867)
		3 V(70 71 66) M(0) UV(0.21490 0.44867 0.27079 0.44867 0.28592 0.43733)
		3 V(70 66 67) M(0) UV(0.21490 0.44867 0.28592 0.43733 0.20349 0.43594)
		3 V(71 72 69) M(0) UV(0.27079 0.44867 0.27079 0.51127 0.28375 0.52375)
		3 V(71 69 66) M(0) UV(0.27079 0.44867 0.28375 0.52375 0.28592 0.43733)
		3 V(72 73 68) M(0) UV(0.27079 0.51127 0.21490 0.51127 0.20473 0.52549)
		3 V(72 68 69) M(0) UV(0.27079 0.51127 0.20473 0.52549 0.28375 0.52375)
		3 V(73 70 67) M(0) UV(0.21490 0.51127 0.21490 0.44867 0.20349 0.43594)
		3 V(73 67 68) M(0) UV(0.21490 0.51127 0.20349 0.43594 0.20473 0.52549)
		3 V(76 75 74) M(0) UV(0.29857 0.51127 0.29857 0.44867 0.28592 0.43733)
		3 V(76 81 80) M(0) UV(0.29857 0.51127 0.35447 0.51127 0.35447 0.44867)
		3 V(76 80 75) M(0) UV(0.29857 0.51127 0.35447 0.44867 0.29857 0.44867)
		3 V(75 80 77) M(0) UV(0.29857 0.44867 0.35447 0.44867 0.36588 0.43594)
		3 V(75 77 74) M(0) UV(0.29857 0.44867 0.36588 0.43594 0.28592 0.43733)
		3 V(80 81 78) M(0) UV(0.35447 0.44867 0.35447 0.51127 0.36464 0.52549)
		3 V(80 78 77) M(0) UV(0.35447 0.44867 0.36464 0.52549 0.36588 0.43594)
		3 V(81 76 79) M(0) UV(0.35447 0.51127 0.29857 0.51127 0.28375 0.52375)
		3 V(81 79 78) M(0) UV(0.35447 0.51127 0.28375 0.52375 0.36464 0.52549)
		3 V(76 74 79) M(0) UV(0.29857 0.51127 0.28592 0.43733 0.28375 0.52375)
		3 V(89 88 87) M(0) UV(0.29857 0.60498 0.35447 0.60498 0.35447 0.54238)
		3 V(89 87 86) M(0) UV(0.29857 0.60498 0.35447 0.54238 0.29857 0.54238)
		3 V(86 87 82) M(0) UV(0.29857 0.54238 0.35447 0.54238 0.36464 0.52549)
		3 V(86 82 85) M(0) UV(0.29857 0.54238 0.36464 0.52549 0.28375 0.52375)
		3 V(87 88 83) M(0) UV(0.35447 0.54238 0.35447 0.60498 0.36588 0.61781)
		3 V(87 83 82) M(0) UV(0.35447 0.54238 0.36588 0.61781 0.36464 0.52549)
		3 V(88 89 84) M(0) UV(0.35447 0.60498 0.29857 0.60498 0.28592 0.61642)
		3 V(88 84 83) M(0) UV(0.35447 0.60498 0.28592 0.61642 0.36588 0.61781)
		3 V(89 86 85) M(0) UV(0.29857 0.60498 0.29857 0.54238 0.28375 0.52375)
		3 V(89 85 84) M(0) UV(0.29857 0.60498 0.28375 0.52375 0.28592 0.61642)
		3 V(97 96 95) M(0) UV(0.21490 0.60498 0.27079 0.60498 0.27079 0.54238)
		3 V(97 95 94) M(0) UV(0.21490 0.60498 0.27079 0.54238 0.21490 0.54238)
		3 V(94 95 93) M(0) UV(0.21490 0.54238 0.27079 0.54238 0.28375 0.52375)
		3 V(94 93 91) M(0) UV(0.21490 0.54238 0.28375 0.52375 0.20473 0.52549)
		3 V(95 96 92) M(0) UV(0.27079 0.54238 0.27079 0.60498 0.28592 0.61642)
		3 V(95 92 93) M(0) UV(0.27079 0.54238 0.28592 0.61642 0.28375 0.52375)
		3 V(96 97 90) M(0) UV(0.27079 0.60498 0.21490 0.60498 0.20349 0.61781)
		3 V(96 90 92) M(0) UV(0.27079 0.60498 0.20349 0.61781 0.28592 0.61642)
		3 V(97 94 91) M(0) UV(0.21490 0.60498 0.21490 0.54238 0.20473 0.52549)
		3 V(97 91 90) M(0) UV(0.21490 0.60498 0.20473 0.52549 0.20349 0.61781)
		3 V(100 101 99) M(0) UV(0.55672 0.43207 0.55672 0.49846 0.38109 0.49846)
		3 V(100 99 98) M(0) UV(0.55672 0.43207 0.38109 0.49846 0.38109 0.43207)
		3 V(102 103 101) M(0) UV(0.61274 0.43207 0.61274 0.49846 0.56375 0.49846)
		3 V(102 101 100) M(0) UV(0.61274 0.43207 0.56375 0.49846 0.56375 0.43207)
		3 V(104 105 103) M(0) UV(0.55672 0.50339 0.55672 0.56978 0.38109 0.56978)
		3 V(104 103 102) M(0) UV(0.55672 0.50339 0.38109 0.56978 0.38109 0.50339)
		3 V(98 99 105) M(0) UV(0.61274 0.50339 0.61274 0.56978 0.56375 0.56978)
		3 V(98 105 104) M(0) UV(0.61274 0.50339 0.56375 0.56978 0.56375 0.50339)
		3 V(102 100 98) M(0) UV(0.55672 0.57471 0.55672 0.60908 0.38109 0.60908)
		3 V(102 98 104) M(0) UV(0.55672 0.57471 0.38109 0.60908 0.38109 0.57471)
		3 V(101 103 105) M(0) UV(0.55672 0.61401 0.55672 0.64838 0.38109 0.64838)
		3 V(101 105 99) M(0) UV(0.55672 0.61401 0.38109 0.64838 0.38109 0.61401)
		3 V(108 107 109) M(0) UV(0.55672 0.43207 0.38109 0.49846 0.55672 0.49846)
		3 V(108 106 107) M(0) UV(0.55672 0.43207 0.38109 0.43207 0.38109 0.49846)
		3 V(110 109 111) M(0) UV(0.61274 0.43207 0.56375 0.49846 0.61274 0.49846)
		3 V(110 108 109) M(0) UV(0.61274 0.43207 0.56375 0.43207 0.56375 0.49846)
		3 V(112 111 113) M(0) UV(0.55672 0.50339 0.38109 0.56978 0.55672 0.56978)
		3 V(112 110 111) M(0) UV(0.55672 0.50339 0.38109 0.50339 0.38109 0.56978)
		3 V(106 113 107) M(0) UV(0.61274 0.50339 0.56375 0.56978 0.61274 0.56978)
		3 V(106 112 113) M(0) UV(0.61274 0.50339 0.56375 0.50339 0.56375 0.56978)
		3 V(110 106 108) M(0) UV(0.55672 0.57471 0.38109 0.60908 0.55672 0.60908)
		3 V(110 112 106) M(0) UV(0.55672 0.57471 0.38109 0.57471 0.38109 0.60908)
		3 V(109 113 111) M(0) UV(0.55672 0.61401 0.38109 0.64838 0.55672 0.64838)
		3 V(109 107 113) M(0) UV(0.55672 0.61401 0.38109 0.61401 0.38109 0.64838)
	}
}
Object "$body" {
	depth 0
	folding 0
	scale 1.000000 1.000000 1.000000
	rotation 0.000000 0.000000 0.000000
	translation 0.000000 0.000000 0.000000
	visible 15
	locking 0
	shading 1
	facet 59.5
	color 0.898 0.498 0.698
	color_type 0
	vertex 0 {
	}
	face 0 {
	}
}
Eof
